Average Top Entailment Score

clustered-qfsumm-gpt3 : 0.6182991933638525
qfsumm-long : 0.8483093475832523
qfsumm : 0.8896225818700219
golds : 0.5844201697959556
clustered-qfsumm : 0.8897650034347182
gpt3 : 0.6518350757252086
qfsumm-long-gpt3 : 0.6189379005981006
clustered-qfsumm-long : 0.8726228248505365
clustered-gpt3 : 0.6125186387230368