Top score:

tcg : 0.8205923686368511
tqg : 0.8505842155311922
qg : 0.8699099944596165
acesum : 0.9249385376875313
qfsumm : 0.9072154080681103
rg : 0.798495980311539
rg-first  :  0.8154191634152371
tcg-first  :  0.8496226141897384