Average summary length in words.

tcg  :  54.38095238095238
tqg  :  44.67460317460318
qg  :  41.07142857142857
acesum  :  25.46031746031746
qfsumm  :  71.8015873015873
rg  :  54.26587301587302
tcg-first  :  455.4484126984127
rg-first  :  200.8531746031746